 nm      %
------------
303.7	1.4
305.2	1.6
306.7	1.7
308.2	1.8
309.7	1.8
311.2	1.8
312.7	1.8
314.2	1.8
315.7	1.8
317.2	1.8
318.7	1.8
320.2	1.8
321.7	1.8
323.2	1.8
324.7	1.8
326.2	1.8
327.7	1.8
329.2	1.8
330.7	1.8
332.2	1.8
333.7	1.8
335.2	1.8
336.7	1.8
338.2	1.8
339.7	1.8
341.2	1.8
342.7	1.8
344.2	1.8
345.7	1.8
347.2	1.8
348.7	1.8
350.2	1.8
351.7	1.8
353.2	1.8
354.7	1.8
356.2	1.8
357.7	1.8
359.2	1.8
360.7	1.8
362.3	1.8
363.8	1.8
365.3	1.8
366.8	1.8
368.3	1.8
369.8	1.8
371.3	1.8
372.8	1.8
374.3	1.8
375.8	1.8
377.3	1.8
378.8	1.8
380.3	1.8
381.8	1.8
383.3	1.9
384.8	1.9
386.3	2.0
387.8	1.9
389.3	2.0
390.8	2.2
392.3	2.4
393.8	3.1
395.3	3.5
396.8	4.5
398.3	5.0
399.8	6.2
401.3	6.8
402.8	8.2
404.3	8.9
405.8	10.2
407.3	11.0
408.8	13.0
410.3	14.0
411.8	16.1
413.3	17.4
414.8	20.2
416.3	21.5
417.8	23.8
419.3	25.0
420.8	26.5
422.3	27.4
423.8	28.8
425.3	29.8
426.8	31.6
428.3	32.4
429.9	33.4
431.4	33.6
432.9	33.3
434.4	33.2
435.9	32.5
437.4	32.0
438.9	31.1
440.4	30.4
441.9	28.9
443.4	27.9
444.9	25.8
446.4	24.7
447.9	22.9
449.4	21.9
450.9	20.1
452.4	19.5
453.9	18.4
455.4	18.3
456.9	18.1
458.4	18.1
459.9	18.2
461.4	18.4
462.9	18.5
464.4	18.8
465.9	19.2
467.4	19.6
468.9	19.9
470.4	20.4
471.9	20.9
473.4	21.4
474.9	22.1
476.4	22.8
477.9	23.6
479.4	24.1
480.9	24.4
482.4	24.7
483.9	25.0
485.4	25.2
486.9	25.5
488.4	25.9
489.9	26.4
491.4	26.9
492.9	27.4
494.4	27.9
495.9	28.6
497.5	29.3
499.0	30.2
500.5	31.0
502.0	32.2
503.5	33.7
505.0	35.5
506.5	37.2
508.0	39.0
509.5	40.7
511.0	43.0
512.5	45.7
514.0	48.2
515.5	50.8
517.0	52.8
518.5	55.5
520.0	58.9
521.5	61.9
523.0	65.0
524.5	68.7
526.0	71.6
527.5	73.1
529.0	74.2
530.5	75.8
532.0	78.1
533.5	80.1
535.0	83.9
536.5	86.9
538.0	90.2
539.5	95.6
541.0	95.5
542.5	95.2
544.0	98.5
545.5	100.0
547.0	99.4
548.5	99.1
550.0	98.1
551.5	98.4
553.0	98.0
554.5	95.2
556.0	94.4
557.5	91.3
559.0	89.4
560.5	91.5
562.0	93.8
563.5	91.8
565.1	89.1
566.6	86.5
568.1	83.7
569.6	81.6
571.1	75.8
572.6	65.2
574.1	65.9
575.6	70.0
577.1	68.9
578.6	66.1
580.1	62.7
581.6	60.3
583.1	56.7
584.6	53.5
586.1	50.0
587.6	47.6
589.1	45.3
590.6	43.7
592.1	41.6
593.6	39.6
595.1	37.5
596.6	35.3
598.1	33.0
599.6	31.4
601.1	29.2
602.6	26.9
604.1	24.5
605.6	22.7
607.1	21.7
608.6	20.9
610.1	20.0
611.6	19.1
613.1	18.2
614.6	17.7
616.1	17.3
617.6	17.0
619.1	16.8
620.6	16.7
622.1	16.9
623.6	17.1
625.1	17.7
626.6	18.5
628.1	19.6
629.6	20.9
631.1	22.8
632.7	25.1
634.2	28.4
635.7	32.2
637.2	36.3
638.7	41.1
640.2	47.2
641.7	52.9
643.2	59.4
644.7	65.4
646.2	71.6
647.7	76.2
649.2	81.1
650.7	84.0
652.2	86.6
653.7	87.9
655.2	89.3
656.7	89.8
658.2	89.8
659.7	89.0
661.2	87.8
662.7	86.2
664.2	84.4
665.7	81.6
667.2	78.5
668.7	74.7
670.2	70.3
671.7	64.3
673.2	57.0
674.7	47.5
676.2	38.4
677.7	29.7
679.2	21.0
680.7	15.8
682.2	10.9
683.7	9.0
685.2	7.2
686.7	6.5
688.2	6.0
689.7	5.7
691.2	5.2
692.7	4.9
694.2	4.4
695.7	4.0
697.2	3.0
698.7	2.6
700.3	2.3
701.8	2.2
703.3	1.9
704.8	1.8
706.3	1.8
707.8	1.8
709.3	1.8
710.8	1.8
712.3	1.9
713.8	1.9
715.3	1.9
716.8	1.9
718.3	1.8
719.8	1.8
721.3	1.8
722.8	1.8
724.3	1.8
725.8	1.8
727.3	1.8
728.8	1.8
730.3	1.8
731.8	1.8
733.3	1.8
734.8	1.8
736.3	1.8
737.8	1.8
739.3	1.8
740.8	1.8
742.3	1.8
743.8	1.8
745.3	1.8
746.8	1.8
748.3	1.8
749.8	1.8
751.3	1.8
752.8	1.8
754.3	1.8
755.8	1.8
757.3	1.8
758.8	1.8
760.3	1.8
761.8	1.8
763.3	1.8
764.8	1.8
766.3	1.8
767.9	1.8
769.4	1.8
770.9	1.8
772.4	1.8
773.9	1.8
775.4	1.8
776.9	1.8
778.4	1.8
779.9	1.8
781.4	1.8
782.9	1.8
784.4	1.8
785.9	1.8
787.4	1.9
788.9	1.9
790.4	1.9
791.9	1.9
793.4	1.8
794.9	1.8
796.4	1.8
797.9	1.8
799.4	1.8
800.9	1.8
802.4	1.8
803.9	1.8
805.4	1.8
806.9	1.8
808.4	1.8
809.9	1.8
811.4	1.8
812.9	1.8
814.4	1.8
815.9	1.8
817.4	1.8
818.9	1.8
820.4	1.8
821.9	1.8
823.4	1.8
824.9	1.8
826.4	1.8
827.9	1.8
829.4	1.8
830.9	1.8
832.4	1.8
833.9	1.8
835.5	1.9
837.0	1.9
838.5	1.9
840.0	1.9
841.5	1.8
843.0	1.8
844.5	1.8
846.0	1.8
847.5	1.8
849.0	1.8
850.5	1.8
852.0	1.8
853.5	1.8
855.0	1.8
856.5	1.8
858.0	1.8
859.5	1.8
861.0	1.8
862.5	1.8
864.0	1.8
865.5	1.8
867.0	1.8
868.5	1.8
870.0	1.8
871.5	1.8
873.0	1.8
874.5	1.8
876.0	1.8
877.5	1.8
