 nm      %
------------
303.7	4.3
305.2	5.0
306.7	5.4
308.2	5.5
309.7	5.6
311.2	5.7
312.7	5.7
314.2	5.7
315.7	5.7
317.2	5.7
318.7	5.7
320.2	5.7
321.7	5.7
323.2	5.7
324.7	5.7
326.2	5.7
327.7	5.7
329.2	5.7
330.7	5.7
332.2	5.7
333.7	5.7
335.2	5.7
336.7	5.7
338.2	5.7
339.7	5.7
341.2	5.7
342.7	5.7
344.2	5.7
345.7	5.7
347.2	5.7
348.7	5.7
350.2	5.7
351.7	5.7
353.2	5.7
354.7	5.7
356.2	5.7
357.7	5.7
359.2	5.7
360.7	5.7
362.3	5.7
363.8	5.7
365.3	5.7
366.8	5.7
368.3	5.7
369.8	5.7
371.3	5.7
372.8	5.7
374.3	5.7
375.8	5.7
377.3	5.7
378.8	5.7
380.3	5.7
381.8	5.8
383.3	5.8
384.8	6.0
386.3	6.0
387.8	6.1
389.3	6.1
390.8	6.2
392.3	6.3
393.8	6.5
395.3	6.6
396.8	6.9
398.3	7.2
399.8	7.9
401.3	8.4
402.8	9.4
404.3	9.9
405.8	10.7
407.3	11.4
408.8	13.1
410.3	13.8
411.8	15.2
413.3	15.9
414.8	17.5
416.3	18.2
417.8	19.7
419.3	20.4
420.8	21.5
422.3	21.9
423.8	22.5
425.3	22.8
426.8	23.3
428.3	23.4
429.9	23.7
431.4	23.6
432.9	23.0
434.4	22.7
435.9	22.0
437.4	21.6
438.9	20.6
440.4	20.1
441.9	19.0
443.4	18.4
444.9	17.2
446.4	16.5
447.9	15.0
449.4	14.3
450.9	12.8
452.4	12.1
453.9	11.0
455.4	10.4
456.9	8.9
458.4	8.5
459.9	8.0
461.4	7.7
462.9	7.3
464.4	7.1
465.9	6.7
467.4	6.5
468.9	6.3
470.4	6.2
471.9	6.1
473.4	6.1
474.9	6.0
476.4	6.0
477.9	6.1
479.4	6.1
480.9	5.9
482.4	6.0
483.9	6.1
485.4	6.2
486.9	6.5
488.4	6.7
489.9	7.1
491.4	7.3
492.9	7.9
494.4	8.1
495.9	8.7
497.5	9.0
499.0	9.7
500.5	10.0
502.0	10.5
503.5	10.9
505.0	11.8
506.5	12.4
508.0	13.2
509.5	14.1
511.0	15.8
512.5	17.8
514.0	20.9
515.5	23.3
517.0	25.7
518.5	27.6
520.0	30.6
521.5	33.5
523.0	37.1
524.5	39.9
526.0	42.4
527.5	44.2
529.0	46.1
530.5	48.0
532.0	50.6
533.5	53.1
535.0	57.2
536.5	61.7
538.0	66.3
539.5	72.1
541.0	75.2
542.5	78.2
544.0	82.6
545.5	86.1
547.0	88.3
548.5	89.6
550.0	91.3
551.5	93.4
553.0	94.4
554.5	91.9
556.0	92.1
557.5	89.1
559.0	88.6
560.5	93.8
562.0	99.6
563.5	100.0
565.1	98.6
566.6	97.0
568.1	95.9
569.6	93.8
571.1	85.0
572.6	74.4
574.1	75.0
575.6	83.3
577.1	83.8
578.6	81.7
580.1	77.7
581.6	73.7
583.1	69.3
584.6	63.4
586.1	57.2
587.6	53.1
589.1	49.4
590.6	47.0
592.1	44.2
593.6	41.1
595.1	37.2
596.6	33.7
598.1	30.3
599.6	27.1
601.1	22.5
602.6	18.5
604.1	15.0
605.6	13.3
607.1	11.5
608.6	10.6
610.1	9.5
611.6	9.0
613.1	8.2
614.6	7.9
616.1	7.3
617.6	7.0
619.1	6.5
620.6	6.4
622.1	6.5
623.6	6.6
625.1	7.0
626.6	7.1
628.1	7.5
629.6	7.7
631.1	8.2
632.7	8.5
634.2	9.5
635.7	10.0
637.2	11.0
638.7	11.5
640.2	12.6
641.7	13.1
643.2	14.1
644.7	14.5
646.2	15.1
647.7	15.4
649.2	15.6
650.7	15.7
652.2	15.8
653.7	15.8
655.2	15.8
656.7	15.7
658.2	15.3
659.7	15.1
661.2	14.5
662.7	14.2
664.2	13.6
665.7	13.3
667.2	12.7
668.7	12.4
670.2	12.0
671.7	11.5
673.2	10.0
674.7	9.5
676.2	8.7
677.7	8.3
679.2	7.4
680.7	7.1
682.2	6.6
683.7	6.5
685.2	6.3
686.7	6.2
688.2	6.2
689.7	6.2
691.2	6.1
692.7	6.1
694.2	6.0
695.7	5.9
697.2	5.8
698.7	5.8
700.3	5.7
701.8	5.7
703.3	5.7
704.8	5.7
706.3	5.7
707.8	5.7
709.3	5.7
710.8	5.7
712.3	5.7
713.8	5.7
715.3	5.7
716.8	5.7
718.3	5.7
719.8	5.7
721.3	5.7
722.8	5.7
724.3	5.7
725.8	5.7
727.3	5.7
728.8	5.7
730.3	5.7
731.8	5.7
733.3	5.7
734.8	5.7
736.3	5.7
737.8	5.7
739.3	5.7
740.8	5.7
742.3	5.7
743.8	5.7
745.3	5.7
746.8	5.7
748.3	5.7
749.8	5.7
751.3	5.7
752.8	5.7
754.3	5.7
755.8	5.7
757.3	5.7
758.8	5.7
760.3	5.7
761.8	5.7
763.3	5.7
764.8	5.7
766.3	5.7
767.9	5.7
769.4	5.7
770.9	5.7
772.4	5.7
773.9	5.7
775.4	5.7
776.9	5.7
778.4	5.7
779.9	5.7
781.4	5.7
782.9	5.7
784.4	5.7
785.9	5.7
787.4	5.7
788.9	5.7
790.4	5.7
791.9	5.8
793.4	5.8
794.9	5.8
796.4	5.8
797.9	5.8
799.4	5.8
800.9	5.8
802.4	5.8
803.9	5.8
805.4	5.8
806.9	5.8
808.4	5.8
809.9	5.8
811.4	5.8
812.9	5.8
814.4	5.8
815.9	5.8
817.4	5.8
818.9	5.8
820.4	5.8
821.9	5.8
823.4	5.8
824.9	5.8
826.4	5.8
827.9	5.8
829.4	5.8
830.9	5.8
832.4	5.8
833.9	5.8
835.5	5.8
837.0	5.8
838.5	5.8
840.0	5.8
841.5	5.7
843.0	5.7
844.5	5.7
846.0	5.7
847.5	5.7
849.0	5.7
850.5	5.7
852.0	5.7
853.5	5.7
855.0	5.7
856.5	5.7
858.0	5.7
859.5	5.7
861.0	5.7
862.5	5.7
864.0	5.7
865.5	5.7
867.0	5.7
868.5	5.7
870.0	5.7
871.5	5.8
873.0	5.8
874.5	5.9
876.0	5.9
877.5	6.0
