 nm      %
------------
303.7	3.1
305.2	3.6
306.7	3.9
308.2	4.0
309.7	4.1
311.2	4.1
312.7	4.1
314.2	4.1
315.7	4.1
317.2	4.1
318.7	4.1
320.2	4.1
321.7	4.1
323.2	4.1
324.7	4.1
326.2	4.1
327.7	4.1
329.2	4.1
330.7	4.1
332.2	4.1
333.7	4.1
335.2	4.1
336.7	4.1
338.2	4.1
339.7	4.1
341.2	4.1
342.7	4.1
344.2	4.1
345.7	4.1
347.2	4.1
348.7	4.1
350.2	4.1
351.7	4.1
353.2	4.1
354.7	4.1
356.2	4.1
357.7	4.1
359.2	4.1
360.7	4.1
362.3	4.1
363.8	4.1
365.3	4.1
366.8	4.1
368.3	4.1
369.8	4.1
371.3	4.1
372.8	4.1
374.3	4.1
375.8	4.1
377.3	4.1
378.8	4.1
380.3	4.1
381.8	4.1
383.3	4.2
384.8	4.1
386.3	4.2
387.8	4.2
389.3	4.2
390.8	4.2
392.3	4.2
393.8	4.2
395.3	4.2
396.8	4.2
398.3	4.3
399.8	4.5
401.3	4.7
402.8	5.4
404.3	5.7
405.8	6.1
407.3	6.5
408.8	7.3
410.3	7.6
411.8	8.0
413.3	8.2
414.8	8.7
416.3	8.8
417.8	9.2
419.3	9.4
420.8	9.6
422.3	9.7
423.8	9.9
425.3	9.9
426.8	9.8
428.3	9.8
429.9	9.6
431.4	9.3
432.9	8.5
434.4	8.2
435.9	7.7
437.4	7.5
438.9	6.9
440.4	6.7
441.9	6.2
443.4	5.9
444.9	5.6
446.4	5.4
447.9	5.2
449.4	5.2
450.9	5.1
452.4	5.1
453.9	5.2
455.4	5.1
456.9	4.9
458.4	4.8
459.9	4.7
461.4	4.7
462.9	4.6
464.4	4.5
465.9	4.5
467.4	4.6
468.9	4.8
470.4	4.8
471.9	5.0
473.4	5.1
474.9	5.2
476.4	5.3
477.9	5.4
479.4	5.5
480.9	5.8
482.4	5.9
483.9	6.1
485.4	6.3
486.9	6.6
488.4	6.7
489.9	7.2
491.4	7.4
492.9	8.0
494.4	8.3
495.9	8.8
497.5	9.1
499.0	9.6
500.5	10.1
502.0	11.0
503.5	12.1
505.0	14.2
506.5	16.2
508.0	18.5
509.5	20.3
511.0	23.3
512.5	26.5
514.0	31.0
515.5	34.3
517.0	37.8
518.5	40.7
520.0	44.6
521.5	48.1
523.0	52.3
524.5	55.9
526.0	59.1
527.5	61.6
529.0	63.2
530.5	64.4
532.0	67.6
533.5	70.4
535.0	74.8
536.5	80.2
538.0	84.8
539.5	90.4
541.0	91.6
542.5	92.6
544.0	95.8
545.5	98.0
547.0	98.4
548.5	98.7
550.0	99.3
551.5	100.0
553.0	99.8
554.5	98.1
556.0	97.2
557.5	94.3
559.0	91.9
560.5	93.0
562.0	96.5
563.5	96.3
565.1	94.0
566.6	92.3
568.1	90.2
569.6	88.1
571.1	82.8
572.6	75.5
574.1	76.1
575.6	79.3
577.1	79.6
578.6	78.8
580.1	77.3
581.6	75.5
583.1	73.1
584.6	70.2
586.1	67.3
587.6	65.4
589.1	63.6
590.6	62.6
592.1	61.7
593.6	60.8
595.1	58.7
596.6	56.0
598.1	53.6
599.6	51.9
601.1	48.9
602.6	45.3
604.1	40.6
605.6	37.0
607.1	34.5
608.6	32.2
610.1	29.5
611.6	27.7
613.1	25.7
614.6	24.6
616.1	23.6
617.6	23.0
619.1	22.6
620.6	22.4
622.1	22.5
623.6	22.8
625.1	23.0
626.6	23.2
628.1	23.6
629.6	23.8
631.1	24.0
632.7	23.9
634.2	23.9
635.7	23.6
637.2	23.1
638.7	22.3
640.2	21.4
641.7	20.5
643.2	20.1
644.7	19.7
646.2	19.6
647.7	19.5
649.2	19.2
650.7	19.3
652.2	19.8
653.7	20.2
655.2	21.2
656.7	21.9
658.2	24.3
659.7	27.2
661.2	32.2
662.7	37.5
664.2	44.0
665.7	48.8
667.2	52.2
668.7	53.7
670.2	53.4
671.7	51.6
673.2	46.8
674.7	39.5
676.2	31.4
677.7	24.3
679.2	16.7
680.7	13.7
682.2	10.1
683.7	8.8
685.2	7.3
686.7	6.7
688.2	6.5
689.7	6.3
691.2	6.1
692.7	5.9
694.2	5.6
695.7	5.4
697.2	4.6
698.7	4.4
700.3	4.3
701.8	4.3
703.3	4.2
704.8	4.2
706.3	4.2
707.8	4.2
709.3	4.2
710.8	4.2
712.3	4.2
713.8	4.2
715.3	4.2
716.8	4.2
718.3	4.2
719.8	4.2
721.3	4.2
722.8	4.2
724.3	4.2
725.8	4.2
727.3	4.2
728.8	4.1
730.3	4.1
731.8	4.1
733.3	4.1
734.8	4.1
736.3	4.1
737.8	4.1
739.3	4.1
740.8	4.1
742.3	4.1
743.8	4.1
745.3	4.1
746.8	4.1
748.3	4.1
749.8	4.1
751.3	4.1
752.8	4.1
754.3	4.1
755.8	4.1
757.3	4.1
758.8	4.1
760.3	4.1
761.8	4.1
763.3	4.1
764.8	4.1
766.3	4.1
767.9	4.1
769.4	4.1
770.9	4.1
772.4	4.1
773.9	4.1
775.4	4.1
776.9	4.1
778.4	4.1
779.9	4.1
781.4	4.1
782.9	4.1
784.4	4.2
785.9	4.2
787.4	4.2
788.9	4.2
790.4	4.2
791.9	4.2
793.4	4.2
794.9	4.2
796.4	4.2
797.9	4.2
799.4	4.2
800.9	4.2
802.4	4.2
803.9	4.2
805.4	4.2
806.9	4.2
808.4	4.2
809.9	4.2
811.4	4.2
812.9	4.2
814.4	4.2
815.9	4.2
817.4	4.2
818.9	4.2
820.4	4.2
821.9	4.2
823.4	4.2
824.9	4.2
826.4	4.2
827.9	4.2
829.4	4.2
830.9	4.2
832.4	4.2
833.9	4.2
835.5	4.2
837.0	4.2
838.5	4.2
840.0	4.2
841.5	4.2
843.0	4.2
844.5	4.2
846.0	4.2
847.5	4.2
849.0	4.2
850.5	4.2
852.0	4.2
853.5	4.2
855.0	4.2
856.5	4.2
858.0	4.2
859.5	4.2
861.0	4.2
862.5	4.2
864.0	4.2
865.5	4.2
867.0	4.2
868.5	4.2
870.0	4.3
871.5	4.3
873.0	4.4
874.5	4.4
876.0	4.5
877.5	4.6
