 nm      %
------------
303.7	2.8
305.2	3.3
306.7	3.5
308.2	3.6
309.7	3.7
311.2	3.7
312.7	3.7
314.2	3.7
315.7	3.7
317.2	3.7
318.7	3.7
320.2	3.7
321.7	3.7
323.2	3.7
324.7	3.7
326.2	3.7
327.7	3.7
329.2	3.7
330.7	3.7
332.2	3.7
333.7	3.7
335.2	3.7
336.7	3.7
338.2	3.7
339.7	3.7
341.2	3.7
342.7	3.7
344.2	3.7
345.7	3.7
347.2	3.7
348.7	3.7
350.2	3.7
351.7	3.7
353.2	3.7
354.7	3.7
356.2	3.7
357.7	3.7
359.2	3.7
360.7	3.7
362.3	3.7
363.8	3.7
365.3	3.7
366.8	3.7
368.3	3.7
369.8	3.7
371.3	3.7
372.8	3.7
374.3	3.7
375.8	3.7
377.3	3.7
378.8	3.7
380.3	3.8
381.8	3.8
383.3	3.8
384.8	3.8
386.3	3.8
387.8	3.9
389.3	4.0
390.8	4.3
392.3	4.3
393.8	4.4
395.3	4.4
396.8	4.5
398.3	4.6
399.8	4.9
401.3	5.0
402.8	5.5
404.3	5.7
405.8	6.0
407.3	6.2
408.8	6.5
410.3	6.6
411.8	6.7
413.3	6.8
414.8	7.0
416.3	7.1
417.8	7.3
419.3	7.4
420.8	7.6
422.3	7.7
423.8	7.9
425.3	8.0
426.8	8.1
428.3	8.1
429.9	8.2
431.4	8.1
432.9	7.8
434.4	7.7
435.9	7.6
437.4	7.6
438.9	7.4
440.4	7.3
441.9	7.1
443.4	7.0
444.9	6.8
446.4	6.7
447.9	6.5
449.4	6.4
450.9	6.2
452.4	6.1
453.9	6.0
455.4	5.8
456.9	5.4
458.4	5.2
459.9	5.0
461.4	4.9
462.9	4.7
464.4	4.6
465.9	4.4
467.4	4.3
468.9	4.2
470.4	4.1
471.9	4.0
473.4	4.0
474.9	4.0
476.4	4.0
477.9	4.0
479.4	4.0
480.9	3.9
482.4	3.9
483.9	4.0
485.4	4.0
486.9	4.1
488.4	4.2
489.9	4.5
491.4	4.6
492.9	5.0
494.4	5.2
495.9	5.6
497.5	5.8
499.0	6.2
500.5	6.4
502.0	6.8
503.5	7.0
505.0	7.7
506.5	8.0
508.0	8.3
509.5	8.8
511.0	9.7
512.5	10.9
514.0	12.8
515.5	14.4
517.0	16.7
518.5	18.7
520.0	21.5
521.5	23.7
523.0	26.6
524.5	29.4
526.0	32.3
527.5	34.5
529.0	36.9
530.5	38.3
532.0	40.7
533.5	43.5
535.0	48.0
536.5	54.1
538.0	58.7
539.5	63.7
541.0	66.3
542.5	68.8
544.0	74.2
545.5	78.1
547.0	80.5
548.5	82.6
550.0	85.1
551.5	88.5
553.0	89.9
554.5	88.3
556.0	89.1
557.5	85.8
559.0	86.0
560.5	93.9
562.0	99.5
563.5	100.0
565.1	98.6
566.6	97.8
568.1	96.6
569.6	95.9
571.1	88.6
572.6	77.0
574.1	78.2
575.6	87.0
577.1	87.5
578.6	85.9
580.1	83.2
581.6	80.5
583.1	76.5
584.6	71.4
586.1	66.2
587.6	62.5
589.1	60.2
590.6	58.4
592.1	56.1
593.6	53.3
595.1	49.9
596.6	46.6
598.1	43.0
599.6	39.6
601.1	35.0
602.6	30.9
604.1	26.7
605.6	24.0
607.1	22.2
608.6	21.2
610.1	20.0
611.6	18.8
613.1	17.5
614.6	17.3
616.1	17.2
617.6	17.6
619.1	18.4
620.6	19.1
622.1	20.6
623.6	22.8
625.1	25.4
626.6	28.1
628.1	31.3
629.6	34.1
631.1	37.2
632.7	40.4
634.2	44.1
635.7	47.2
637.2	50.5
638.7	53.2
640.2	56.2
641.7	59.1
643.2	62.7
644.7	66.4
646.2	70.1
647.7	72.6
649.2	74.8
650.7	76.4
652.2	76.3
653.7	74.8
655.2	71.5
656.7	66.7
658.2	60.7
659.7	53.3
661.2	45.2
662.7	38.0
664.2	31.2
665.7	27.0
667.2	23.3
668.7	21.0
670.2	18.9
671.7	17.5
673.2	14.9
674.7	13.3
676.2	10.9
677.7	9.7
679.2	7.6
680.7	6.7
682.2	5.3
683.7	4.9
685.2	4.3
686.7	4.1
688.2	4.1
689.7	4.0
691.2	4.0
692.7	3.9
694.2	3.9
695.7	3.9
697.2	3.8
698.7	3.8
700.3	3.8
701.8	3.7
703.3	3.7
704.8	3.7
706.3	3.7
707.8	3.7
709.3	3.7
710.8	3.7
712.3	3.8
713.8	3.8
715.3	3.8
716.8	3.8
718.3	3.8
719.8	3.8
721.3	3.8
722.8	3.8
724.3	3.7
725.8	3.7
727.3	3.7
728.8	3.7
730.3	3.7
731.8	3.7
733.3	3.7
734.8	3.7
736.3	3.7
737.8	3.7
739.3	3.7
740.8	3.7
742.3	3.7
743.8	3.7
745.3	3.7
746.8	3.7
748.3	3.7
749.8	3.7
751.3	3.7
752.8	3.7
754.3	3.7
755.8	3.7
757.3	3.7
758.8	3.7
760.3	3.7
761.8	3.7
763.3	3.7
764.8	3.7
766.3	3.7
767.9	3.7
769.4	3.7
770.9	3.7
772.4	3.7
773.9	3.7
775.4	3.7
776.9	3.7
778.4	3.7
779.9	3.7
781.4	3.8
782.9	3.8
784.4	3.8
785.9	3.8
787.4	3.9
788.9	3.9
790.4	3.9
791.9	3.9
793.4	3.8
794.9	3.8
796.4	3.8
797.9	3.8
799.4	3.8
800.9	3.8
802.4	3.8
803.9	3.8
805.4	3.8
806.9	3.8
808.4	3.8
809.9	3.8
811.4	3.9
812.9	3.9
814.4	3.9
815.9	3.9
817.4	3.8
818.9	3.8
820.4	3.8
821.9	3.8
823.4	3.8
824.9	3.8
826.4	3.8
827.9	3.8
829.4	3.8
830.9	3.8
832.4	3.8
833.9	3.8
835.5	3.8
837.0	3.8
838.5	3.8
840.0	3.8
841.5	3.8
843.0	3.8
844.5	3.7
846.0	3.7
847.5	3.7
849.0	3.7
850.5	3.7
852.0	3.7
853.5	3.7
855.0	3.7
856.5	3.7
858.0	3.7
859.5	3.7
861.0	3.7
862.5	3.8
864.0	3.8
865.5	3.8
867.0	3.8
868.5	3.8
870.0	3.8
871.5	3.9
873.0	3.9
874.5	4.0
876.0	4.0
877.5	4.0
