 nm      %	
------------	
303.7	3.9
305.2	4.5
306.7	4.8
308.2	5
309.7	5.1
311.2	5.1
312.7	5.1
314.2	5.1
315.7	5.1
317.2	5.1
318.7	5.2
320.2	5.2
321.7	5.2
323.2	5.2
324.7	5.2
326.2	5.2
327.7	5.2
329.2	5.2
330.7	5.2
332.2	5.2
333.7	5.2
335.2	5.2
336.7	5.2
338.2	5.2
339.7	5.2
341.2	5.2
342.7	5.2
344.2	5.2
345.7	5.2
347.2	5.2
348.7	5.2
350.2	5.2
351.7	5.2
353.2	5.2
354.7	5.2
356.2	5.2
357.7	5.2
359.2	5.2
360.7	5.2
362.3	5.2
363.8	5.2
365.3	5.2
366.8	5.2
368.3	5.2
369.8	5.2
371.3	5.2
372.8	5.2
374.3	5.2
375.8	5.2
377.3	5.2
378.8	5.2
380.3	5.2
381.8	5.2
383.3	5.2
384.8	5.2
386.3	5.2
387.8	5.2
389.3	5.2
390.8	5.2
392.3	5.2
393.8	5.2
395.3	5.2
396.8	5.2
398.3	5.2
399.8	5.2
401.3	5.2
402.8	5.3
404.3	5.4
405.8	5.5
407.3	5.7
408.8	6.3
410.3	6.6
411.8	7.3
413.3	7.7
414.8	8.8
416.3	9.3
417.8	10.7
419.3	11.4
420.8	12.7
422.3	13.4
423.8	14.9
425.3	15.6
426.8	16.9
428.3	17.5
429.9	18.5
431.4	18.9
432.9	19.5
434.4	19.6
435.9	19.5
437.4	19.4
438.9	19
440.4	18.8
441.9	18
443.4	17.6
444.9	16.7
446.4	16.2
447.9	15.1
449.4	14.5
450.9	13.5
452.4	13
453.9	12.3
455.4	11.9
456.9	10.7
458.4	10.3
459.9	9.8
461.4	9.5
462.9	8.9
464.4	8.6
465.9	7.9
467.4	7.6
468.9	7.2
470.4	7
471.9	6.9
473.4	6.8
474.9	6.8
476.4	6.8
477.9	6.8
479.4	6.9
480.9	6.9
482.4	7
483.9	7
485.4	7
486.9	7.1
488.4	7.2
489.9	7.4
491.4	7.6
492.9	8
494.4	8.3
495.9	8.9
497.5	9.3
499	9.9
500.5	10.4
502	11.2
503.5	12.3
505	14.1
506.5	16
508	18.8
509.5	21.5
511	25.6
512.5	29.8
514	35.4
515.5	39.4
517	43.9
518.5	47.5
520	52.6
521.5	57.2
523	62.1
524.5	65.8
526	69
527.5	71.3
529	73.5
530.5	75.3
532	78.4
533.5	80.6
535	83.5
536.5	88.4
538	91.9
539.5	97.6
541	98.2
542.5	98.7
544	99.5
545.5	100
547	99.1
548.5	98
550	97.3
551.5	96.4
553	93.9
554.5	89
556	86
557.5	81.4
559	78.3
560.5	77.6
562	79.5
563.5	77.5
565.1	73.5
566.6	69.8
568.1	66.5
569.6	62.7
571.1	55.1
572.6	47.4
574.1	46.5
575.6	49.9
577.1	49
578.6	47.5
580.1	44.8
581.6	42.3
583.1	39.1
584.6	34.8
586.1	30.3
587.6	27.9
589.1	25.7
590.6	24.8
592.1	23.6
593.6	22
595.1	20.1
596.6	18.7
598.1	17.5
599.6	16.6
601.1	14.7
602.6	13.3
604.1	11.2
605.6	9.9
607.1	8.4
608.6	7.8
610.1	7.2
611.6	6.9
613.1	6.5
614.6	6.3
616.1	6.1
617.6	6
619.1	5.8
620.6	5.7
622.1	5.8
623.6	5.9
625.1	6.3
626.6	6.6
628.1	7
629.6	7.4
631.1	8.2
632.7	8.7
634.2	9.7
635.7	10.4
637.2	11.8
638.7	12.6
640.2	14.1
641.7	15
643.2	16.6
644.7	17.5
646.2	18.9
647.7	20.2
649.2	21.8
650.7	23.1
652.2	24.2
653.7	24.7
655.2	25.4
656.7	25.8
658.2	26.3
659.7	26.4
661.2	26
662.7	25.3
664.2	24.4
665.7	23.6
667.2	22.1
668.7	20.9
670.2	19.2
671.7	17.7
673.2	14.7
674.7	13.4
676.2	11.3
677.7	10.3
679.2	8.3
680.7	7.6
682.2	6.3
683.7	6
685.2	5.6
686.7	5.5
688.2	5.6
689.7	5.6
691.2	5.5
692.7	5.5
694.2	5.4
695.7	5.4
697.2	5.2
698.7	5.2
700.3	5.2
701.8	5.2
703.3	5.2
704.8	5.2
706.3	5.2
707.8	5.2
709.3	5.2
710.8	5.2
712.3	5.2
713.8	5.2
715.3	5.2
716.8	5.2
718.3	5.2
719.8	5.2
721.3	5.2
722.8	5.2
724.3	5.2
725.8	5.2
727.3	5.2
728.8	5.2
730.3	5.2
731.8	5.2
733.3	5.2
734.8	5.2
736.3	5.2
737.8	5.2
739.3	5.2
740.8	5.2
742.3	5.2
743.8	5.2
745.3	5.2
746.8	5.2
748.3	5.2
749.8	5.2
751.3	5.2
752.8	5.2
754.3	5.2
755.8	5.2
757.3	5.2
758.8	5.2
760.3	5.2
761.8	5.2
763.3	5.2
764.8	5.2
766.3	5.2
767.9	5.2
769.4	5.2
770.9	5.2
772.4	5.2
773.9	5.2
775.4	5.2
776.9	5.2
778.4	5.2
779.9	5.2
781.4	5.2
782.9	5.2
784.4	5.2
785.9	5.2
787.4	5.2
788.9	5.2
790.4	5.2
791.9	5.2
793.4	5.2
794.9	5.2
796.4	5.2
797.9	5.2
799.4	5.2
800.9	5.2
802.4	5.2
803.9	5.2
805.4	5.2
806.9	5.2
808.4	5.2
809.9	5.2
811.4	5.2
812.9	5.2
814.4	5.2
815.9	5.2
817.4	5.2
818.9	5.2
820.4	5.2
821.9	5.2
823.4	5.2
824.9	5.2
826.4	5.2
827.9	5.2
829.4	5.2
830.9	5.2
832.4	5.2
833.9	5.2
835.5	5.2
837	5.2
838.5	5.2
840	5.2
841.5	5.2
843	5.2
844.5	5.2
846	5.2
847.5	5.2
849	5.2
850.5	5.2
852	5.2
853.5	5.2
855	5.2
856.5	5.2
858	5.2
859.5	5.2
861	5.2
862.5	5.2
864	5.2
865.5	5.2
867	5.2
868.5	5.2
870	5.2
871.5	5.2
873	5.2
874.5	5.2
876	5.2
877.5	5.3