 nm      %
------------
303.7	2.6
305.2	3.1
306.7	3.3
308.2	3.4
309.7	3.4
311.2	3.5
312.7	3.5
314.2	3.5
315.7	3.5
317.2	3.5
318.7	3.5
320.2	3.5
321.7	3.5
323.2	3.5
324.7	3.5
326.2	3.5
327.7	3.5
329.2	3.5
330.7	3.5
332.2	3.5
333.7	3.5
335.2	3.5
336.7	3.5
338.2	3.5
339.7	3.5
341.2	3.5
342.7	3.5
344.2	3.5
345.7	3.5
347.2	3.5
348.7	3.5
350.2	3.5
351.7	3.5
353.2	3.5
354.7	3.5
356.2	3.5
357.7	3.5
359.2	3.5
360.7	3.5
362.3	3.5
363.8	3.5
365.3	3.5
366.8	3.5
368.3	3.5
369.8	3.5
371.3	3.5
372.8	3.5
374.3	3.5
375.8	3.5
377.3	3.5
378.8	3.5
380.3	3.5
381.8	3.5
383.3	3.5
384.8	3.5
386.3	3.5
387.8	3.5
389.3	3.5
390.8	3.5
392.3	3.5
393.8	3.5
395.3	3.5
396.8	3.5
398.3	3.5
399.8	3.5
401.3	3.5
402.8	3.5
404.3	3.5
405.8	3.5
407.3	3.5
408.8	3.5
410.3	3.5
411.8	3.5
413.3	3.5
414.8	3.5
416.3	3.5
417.8	3.5
419.3	3.5
420.8	3.5
422.3	3.5
423.8	3.5
425.3	3.5
426.8	3.5
428.3	3.5
429.9	3.5
431.4	3.5
432.9	3.5
434.4	3.5
435.9	3.6
437.4	3.6
438.9	3.6
440.4	3.6
441.9	3.6
443.4	3.6
444.9	3.6
446.4	3.6
447.9	3.6
449.4	3.6
450.9	3.6
452.4	3.6
453.9	3.6
455.4	3.6
456.9	3.5
458.4	3.5
459.9	3.5
461.4	3.5
462.9	3.5
464.4	3.5
465.9	3.5
467.4	3.5
468.9	3.5
470.4	3.5
471.9	3.5
473.4	3.5
474.9	3.5
476.4	3.5
477.9	3.5
479.4	3.5
480.9	3.5
482.4	3.5
483.9	3.5
485.4	3.5
486.9	3.5
488.4	3.5
489.9	3.5
491.4	3.5
492.9	3.5
494.4	3.5
495.9	3.5
497.5	3.5
499.0	3.5
500.5	3.5
502.0	3.5
503.5	3.5
505.0	3.5
506.5	3.5
508.0	3.5
509.5	3.4
511.0	3.4
512.5	3.5
514.0	3.6
515.5	3.6
517.0	3.8
518.5	3.9
520.0	4.0
521.5	4.0
523.0	4.2
524.5	4.3
526.0	4.4
527.5	4.4
529.0	4.4
530.5	4.5
532.0	4.5
533.5	4.6
535.0	4.7
536.5	4.8
538.0	5.0
539.5	5.1
541.0	5.2
542.5	5.2
544.0	5.2
545.5	5.2
547.0	5.2
548.5	5.2
550.0	5.2
551.5	5.1
553.0	4.8
554.5	4.7
556.0	4.6
557.5	4.5
559.0	4.4
560.5	4.4
562.0	4.2
563.5	4.2
565.1	4.1
566.6	4.0
568.1	4.0
569.6	4.0
571.1	4.0
572.6	4.0
574.1	3.9
575.6	3.9
577.1	3.8
578.6	3.8
580.1	3.7
581.6	3.7
583.1	3.7
584.6	3.6
586.1	3.6
587.6	3.6
589.1	3.5
590.6	3.5
592.1	3.5
593.6	3.5
595.1	3.5
596.6	3.5
598.1	3.6
599.6	3.6
601.1	3.7
602.6	3.7
604.1	3.8
605.6	3.8
607.1	3.9
608.6	4.0
610.1	4.2
611.6	4.3
613.1	4.6
614.6	4.7
616.1	5.1
617.6	5.3
619.1	5.8
620.6	6.1
622.1	6.6
623.6	7.3
625.1	9.0
626.6	10.6
628.1	13.6
629.6	17.1
631.1	21.6
632.7	26.0
634.2	31.7
635.7	37.4
637.2	43.1
638.7	48.7
640.2	55.5
641.7	61.6
643.2	67.7
644.7	73.4
646.2	79.0
647.7	83.5
649.2	88.7
650.7	92.3
652.2	95.6
653.7	97.7
655.2	99.2
656.7	99.9
658.2	100.0
659.7	99.4
661.2	97.6
662.7	95.0
664.2	91.9
665.7	87.7
667.2	82.5
668.7	76.9
670.2	70.2
671.7	62.4
673.2	52.9
674.7	43.1
676.2	33.2
677.7	25.5
679.2	17.1
680.7	13.8
682.2	10.5
683.7	9.1
685.2	7.7
686.7	7.1
688.2	6.3
689.7	5.9
691.2	5.4
692.7	5.3
694.2	5.2
695.7	5.0
697.2	4.0
698.7	3.8
700.3	3.7
701.8	3.6
703.3	3.6
704.8	3.6
706.3	3.6
707.8	3.6
709.3	3.6
710.8	3.6
712.3	3.6
713.8	3.6
715.3	3.6
716.8	3.6
718.3	3.6
719.8	3.5
721.3	3.5
722.8	3.5
724.3	3.5
725.8	3.5
727.3	3.5
728.8	3.5
730.3	3.5
731.8	3.5
733.3	3.5
734.8	3.5
736.3	3.5
737.8	3.5
739.3	3.5
740.8	3.5
742.3	3.5
743.8	3.5
745.3	3.5
746.8	3.5
748.3	3.5
749.8	3.5
751.3	3.5
752.8	3.5
754.3	3.5
755.8	3.5
757.3	3.5
758.8	3.5
760.3	3.5
761.8	3.5
763.3	3.5
764.8	3.5
766.3	3.5
767.9	3.5
769.4	3.5
770.9	3.5
772.4	3.5
773.9	3.5
775.4	3.5
776.9	3.5
778.4	3.5
779.9	3.5
781.4	3.5
782.9	3.5
784.4	3.5
785.9	3.5
787.4	3.5
788.9	3.5
790.4	3.5
791.9	3.5
793.4	3.6
794.9	3.6
796.4	3.6
797.9	3.6
799.4	3.6
800.9	3.6
802.4	3.6
803.9	3.6
805.4	3.6
806.9	3.6
808.4	3.6
809.9	3.6
811.4	3.6
812.9	3.6
814.4	3.6
815.9	3.6
817.4	3.6
818.9	3.6
820.4	3.6
821.9	3.6
823.4	3.6
824.9	3.6
826.4	3.6
827.9	3.6
829.4	3.6
830.9	3.6
832.4	3.6
833.9	3.6
835.5	3.6
837.0	3.6
838.5	3.6
840.0	3.5
841.5	3.5
843.0	3.5
844.5	3.5
846.0	3.5
847.5	3.5
849.0	3.5
850.5	3.5
852.0	3.5
853.5	3.5
855.0	3.5
856.5	3.5
858.0	3.5
859.5	3.5
861.0	3.5
862.5	3.5
864.0	3.5
865.5	3.5
867.0	3.5
868.5	3.5
870.0	3.5
871.5	3.5
873.0	3.5
874.5	3.5
876.0	3.6
877.5	3.6
