 nm      %
------------
303.7	2.1
305.2	2.4
306.7	2.6
308.2	2.7
309.7	2.7
311.2	2.7
312.7	2.7
314.2	2.7
315.7	2.7
317.2	2.7
318.7	2.8
320.2	2.8
321.7	2.8
323.2	2.8
324.7	2.8
326.2	2.8
327.7	2.8
329.2	2.8
330.7	2.8
332.2	2.8
333.7	2.8
335.2	2.8
336.7	2.8
338.2	2.8
339.7	2.8
341.2	2.8
342.7	2.8
344.2	2.8
345.7	2.8
347.2	2.8
348.7	2.8
350.2	2.8
351.7	2.8
353.2	2.8
354.7	2.8
356.2	2.8
357.7	2.8
359.2	2.8
360.7	2.8
362.3	2.8
363.8	2.8
365.3	2.8
366.8	2.8
368.3	2.8
369.8	2.8
371.3	2.8
372.8	2.8
374.3	2.8
375.8	2.8
377.3	2.8
378.8	2.8
380.3	2.8
381.8	2.7
383.3	2.7
384.8	2.7
386.3	2.8
387.8	2.9
389.3	2.9
390.8	3.0
392.3	3.0
393.8	2.9
395.3	3.0
396.8	3.1
398.3	3.2
399.8	3.9
401.3	4.3
402.8	5.4
404.3	6.0
405.8	7.1
407.3	7.9
408.8	9.8
410.3	10.5
411.8	11.8
413.3	12.6
414.8	14.3
416.3	15.1
417.8	17.0
419.3	18.0
420.8	20.1
422.3	21.2
423.8	23.5
425.3	24.6
426.8	26.8
428.3	27.8
429.9	29.4
431.4	30.0
432.9	30.9
434.4	31.3
435.9	31.6
437.4	31.6
438.9	31.5
440.4	31.3
441.9	30.6
443.4	30.2
444.9	29.2
446.4	28.6
447.9	27.2
449.4	26.5
450.9	24.7
452.4	24.4
453.9	24.6
455.4	24.7
456.9	24.8
458.4	24.9
459.9	24.7
461.4	24.6
462.9	24.1
464.4	23.8
465.9	23.1
467.4	22.8
468.9	22.0
470.4	21.5
471.9	20.8
473.4	20.3
474.9	19.7
476.4	19.5
477.9	19.2
479.4	19.0
480.9	18.8
482.4	18.7
483.9	18.5
485.4	18.4
486.9	18.3
488.4	18.5
489.9	19.0
491.4	19.6
492.9	20.5
494.4	21.4
495.9	22.6
497.5	23.6
499.0	25.0
500.5	26.6
502.0	28.9
503.5	31.1
505.0	34.3
506.5	37.0
508.0	40.0
509.5	42.7
511.0	46.4
512.5	49.9
514.0	53.6
515.5	56.9
517.0	60.0
518.5	63.4
520.0	67.0
521.5	70.2
523.0	73.8
524.5	77.5
526.0	80.0
527.5	81.4
529.0	81.8
530.5	82.9
532.0	85.6
533.5	87.6
535.0	90.1
536.5	91.9
538.0	95.1
539.5	99.7
541.0	99.3
542.5	98.2
544.0	99.6
545.5	100.0
547.0	99.0
548.5	97.8
550.0	96.3
551.5	95.9
553.0	93.7
554.5	89.6
556.0	88.9
557.5	84.5
559.0	80.8
560.5	81.1
562.0	82.9
563.5	81.6
565.1	78.1
566.6	74.5
568.1	71.8
569.6	69.9
571.1	63.6
572.6	55.1
574.1	55.2
575.6	58.9
577.1	58.1
578.6	56.3
580.1	54.0
581.6	52.0
583.1	49.2
584.6	46.0
586.1	42.4
587.6	39.7
589.1	37.8
590.6	37.1
592.1	36.1
593.6	34.7
595.1	32.6
596.6	30.7
598.1	29.1
599.6	27.9
601.1	26.0
602.6	23.7
604.1	20.9
605.6	18.9
607.1	17.6
608.6	16.7
610.1	15.8
611.6	15.1
613.1	14.6
614.6	14.4
616.1	14.2
617.6	14.3
619.1	14.6
620.6	14.8
622.1	15.6
623.6	17.0
625.1	18.8
626.6	20.7
628.1	23.0
629.6	25.3
631.1	28.6
632.7	31.9
634.2	35.9
635.7	40.0
637.2	44.4
638.7	49.0
640.2	54.1
641.7	58.6
643.2	63.1
644.7	66.9
646.2	71.0
647.7	74.6
649.2	78.6
650.7	81.6
652.2	84.2
653.7	85.7
655.2	86.7
656.7	87.0
658.2	86.5
659.7	85.5
661.2	84.1
662.7	81.9
664.2	79.2
665.7	75.3
667.2	71.1
668.7	66.5
670.2	60.7
671.7	53.8
673.2	45.0
674.7	36.9
676.2	28.3
677.7	21.6
679.2	14.4
680.7	11.7
682.2	8.8
683.7	7.7
685.2	6.5
686.7	6.0
688.2	5.3
689.7	5.0
691.2	4.6
692.7	4.4
694.2	4.3
695.7	4.1
697.2	3.2
698.7	3.0
700.3	2.9
701.8	2.8
703.3	2.8
704.8	2.8
706.3	2.8
707.8	2.8
709.3	2.8
710.8	2.8
712.3	2.8
713.8	2.8
715.3	2.8
716.8	2.8
718.3	2.8
719.8	2.8
721.3	2.8
722.8	2.8
724.3	2.8
725.8	2.8
727.3	2.8
728.8	2.8
730.3	2.8
731.8	2.8
733.3	2.8
734.8	2.8
736.3	2.8
737.8	2.8
739.3	2.8
740.8	2.8
742.3	2.8
743.8	2.8
745.3	2.8
746.8	2.8
748.3	2.8
749.8	2.8
751.3	2.8
752.8	2.8
754.3	2.8
755.8	2.8
757.3	2.8
758.8	2.8
760.3	2.8
761.8	2.8
763.3	2.8
764.8	2.8
766.3	2.8
767.9	2.8
769.4	2.8
770.9	2.8
772.4	2.8
773.9	2.8
775.4	2.8
776.9	2.8
778.4	2.8
779.9	2.8
781.4	2.8
782.9	2.8
784.4	2.8
785.9	2.8
787.4	2.8
788.9	2.8
790.4	2.8
791.9	2.8
793.4	2.8
794.9	2.8
796.4	2.8
797.9	2.8
799.4	2.8
800.9	2.8
802.4	2.8
803.9	2.8
805.4	2.8
806.9	2.8
808.4	2.8
809.9	2.8
811.4	2.8
812.9	2.8
814.4	2.8
815.9	2.8
817.4	2.8
818.9	2.8
820.4	2.8
821.9	2.8
823.4	2.8
824.9	2.8
826.4	2.8
827.9	2.8
829.4	2.8
830.9	2.8
832.4	2.8
833.9	2.8
835.5	2.8
837.0	2.8
838.5	2.8
840.0	2.8
841.5	2.8
843.0	2.8
844.5	2.8
846.0	2.8
847.5	2.8
849.0	2.8
850.5	2.8
852.0	2.8
853.5	2.8
855.0	2.8
856.5	2.8
858.0	2.8
859.5	2.8
861.0	2.8
862.5	2.8
864.0	2.8
865.5	2.8
867.0	2.8
868.5	2.8
870.0	2.8
871.5	2.8
873.0	2.8
874.5	2.8
876.0	2.8
877.5	2.8
