 nm      %
------------
303.7	3.6
305.2	4.2
306.7	4.5
308.2	4.6
309.7	4.7
311.2	4.7
312.7	4.7
314.2	4.7
315.7	4.7
317.2	4.8
318.7	4.8
320.2	4.8
321.7	4.8
323.2	4.8
324.7	4.8
326.2	4.8
327.7	4.8
329.2	4.8
330.7	4.8
332.2	4.8
333.7	4.8
335.2	4.8
336.7	4.8
338.2	4.8
339.7	4.8
341.2	4.8
342.7	4.8
344.2	4.8
345.7	4.8
347.2	4.8
348.7	4.8
350.2	4.8
351.7	4.8
353.2	4.8
354.7	4.8
356.2	4.8
357.7	4.8
359.2	4.8
360.7	4.8
362.3	4.8
363.8	4.8
365.3	4.8
366.8	4.8
368.3	4.8
369.8	4.8
371.3	4.8
372.8	4.8
374.3	4.8
375.8	4.8
377.3	4.8
378.8	4.8
380.3	4.8
381.8	4.8
383.3	4.8
384.8	4.8
386.3	4.8
387.8	4.8
389.3	4.8
390.8	4.8
392.3	4.8
393.8	4.8
395.3	4.8
396.8	4.8
398.3	4.8
399.8	4.8
401.3	4.9
402.8	5.0
404.3	5.2
405.8	5.3
407.3	5.6
408.8	6.7
410.3	7.2
411.8	8.2
413.3	8.9
414.8	10.4
416.3	11.2
417.8	13.1
419.3	14.1
420.8	16.2
422.3	17.1
423.8	18.8
425.3	19.6
426.8	20.9
428.3	21.5
429.9	22.7
431.4	23.2
432.9	24.4
434.4	24.7
435.9	25.0
437.4	25.0
438.9	25.0
440.4	24.9
441.9	24.5
443.4	24.1
444.9	23.1
446.4	22.5
447.9	20.9
449.4	20.2
450.9	18.6
452.4	17.8
453.9	16.6
455.4	15.8
456.9	13.9
458.4	13.1
459.9	12.2
461.4	11.6
462.9	10.4
464.4	9.9
465.9	8.9
467.4	8.5
468.9	7.9
470.4	7.6
471.9	7.1
473.4	6.9
474.9	6.7
476.4	6.6
477.9	6.5
479.4	6.4
480.9	6.4
482.4	6.4
483.9	6.4
485.4	6.5
486.9	6.5
488.4	6.6
489.9	6.8
491.4	6.9
492.9	7.3
494.4	7.4
495.9	7.9
497.5	8.0
499.0	8.4
500.5	8.6
502.0	9.0
503.5	9.4
505.0	10.7
506.5	11.6
508.0	12.7
509.5	14.2
511.0	17.4
512.5	21.0
514.0	26.0
515.5	30.3
517.0	35.1
518.5	38.8
520.0	43.9
521.5	48.4
523.0	53.4
524.5	57.3
526.0	61.0
527.5	64.0
529.0	67.2
530.5	70.9
532.0	74.7
533.5	78.1
535.0	81.2
536.5	85.1
538.0	89.3
539.5	94.8
541.0	96.5
542.5	97.5
544.0	98.8
545.5	100.0
547.0	99.9
548.5	99.5
550.0	99.5
551.5	99.5
553.0	98.5
554.5	97.1
556.0	94.3
557.5	90.4
559.0	86.6
560.5	86.0
562.0	88.7
563.5	87.5
565.1	83.9
566.6	80.7
568.1	77.5
569.6	74.7
571.1	67.6
572.6	58.7
574.1	58.7
575.6	62.4
577.1	61.9
578.6	60.5
580.1	58.1
581.6	55.6
583.1	52.5
584.6	48.8
586.1	44.6
587.6	41.8
589.1	39.1
590.6	37.8
592.1	36.4
593.6	35.2
595.1	33.2
596.6	31.0
598.1	29.1
599.6	27.7
601.1	24.8
602.6	21.3
604.1	17.3
605.6	14.6
607.1	12.2
608.6	11.0
610.1	9.8
611.6	9.2
613.1	8.5
614.6	8.2
616.1	7.5
617.6	7.1
619.1	6.4
620.6	6.1
622.1	5.7
623.6	5.5
625.1	5.4
626.6	5.4
628.1	5.4
629.6	5.5
631.1	5.8
632.7	6.0
634.2	6.4
635.7	6.6
637.2	7.3
638.7	7.6
640.2	8.2
641.7	8.5
643.2	9.0
644.7	9.3
646.2	9.7
647.7	9.9
649.2	10.3
650.7	10.5
652.2	10.9
653.7	11.0
655.2	11.4
656.7	11.6
658.2	11.8
659.7	11.9
661.2	11.9
662.7	11.8
664.2	11.5
665.7	11.3
667.2	10.8
668.7	10.6
670.2	10.2
671.7	9.8
673.2	8.6
674.7	8.1
676.2	7.4
677.7	7.0
679.2	6.1
680.7	5.8
682.2	5.3
683.7	5.2
685.2	5.2
686.7	5.2
688.2	5.1
689.7	5.1
691.2	5.0
692.7	4.9
694.2	4.8
695.7	4.8
697.2	4.8
698.7	4.8
700.3	4.8
701.8	4.8
703.3	4.8
704.8	4.8
706.3	4.8
707.8	4.8
709.3	4.8
710.8	4.8
712.3	4.8
713.8	4.8
715.3	4.8
716.8	4.8
718.3	4.8
719.8	4.8
721.3	4.8
722.8	4.8
724.3	4.8
725.8	4.8
727.3	4.8
728.8	4.8
730.3	4.8
731.8	4.8
733.3	4.8
734.8	4.8
736.3	4.8
737.8	4.8
739.3	4.8
740.8	4.8
742.3	4.8
743.8	4.8
745.3	4.8
746.8	4.8
748.3	4.8
749.8	4.8
751.3	4.8
752.8	4.8
754.3	4.8
755.8	4.8
757.3	4.8
758.8	4.8
760.3	4.8
761.8	4.8
763.3	4.8
764.8	4.8
766.3	4.8
767.9	4.8
769.4	4.8
770.9	4.8
772.4	4.8
773.9	4.8
775.4	4.8
776.9	4.8
778.4	4.8
779.9	4.8
781.4	4.8
782.9	4.8
784.4	4.8
785.9	4.8
787.4	4.8
788.9	4.8
790.4	4.8
791.9	4.8
793.4	4.8
794.9	4.9
796.4	4.9
797.9	4.9
799.4	4.9
800.9	4.9
802.4	4.9
803.9	5.0
805.4	5.0
806.9	5.0
808.4	5.1
809.9	5.2
811.4	5.5
812.9	5.5
814.4	5.5
815.9	5.4
817.4	5.0
818.9	4.9
820.4	4.9
821.9	4.8
823.4	4.8
824.9	4.8
826.4	4.8
827.9	4.8
829.4	4.8
830.9	4.8
832.4	4.8
833.9	4.8
835.5	4.8
837.0	4.8
838.5	4.8
840.0	4.8
841.5	4.8
843.0	4.8
844.5	4.8
846.0	4.8
847.5	4.8
849.0	4.8
850.5	4.8
852.0	4.8
853.5	4.8
855.0	4.8
856.5	4.8
858.0	4.8
859.5	4.9
861.0	4.9
862.5	4.9
864.0	4.9
865.5	5.0
867.0	5.0
868.5	5.0
870.0	5.0
871.5	5.0
873.0	5.0
874.5	5.0
876.0	5.0
877.5	5.0
