 nm      %
------------
303.7	5.6
305.2	6.5
306.7	7.0
308.2	7.2
309.7	7.4
311.2	7.4
312.7	7.4
314.2	7.5
315.7	7.5
317.2	7.5
318.7	7.5
320.2	7.5
321.7	7.5
323.2	7.5
324.7	7.5
326.2	7.5
327.7	7.5
329.2	7.5
330.7	7.5
332.2	7.5
333.7	7.5
335.2	7.5
336.7	7.5
338.2	7.5
339.7	7.5
341.2	7.5
342.7	7.5
344.2	7.5
345.7	7.5
347.2	7.5
348.7	7.5
350.2	7.5
351.7	7.5
353.2	7.5
354.7	7.5
356.2	7.5
357.7	7.5
359.2	7.5
360.7	7.5
362.3	7.5
363.8	7.5
365.3	7.5
366.8	7.5
368.3	7.5
369.8	7.5
371.3	7.5
372.8	7.5
374.3	7.5
375.8	7.5
377.3	7.5
378.8	7.5
380.3	7.5
381.8	7.5
383.3	7.5
384.8	7.5
386.3	7.6
387.8	7.7
389.3	7.8
390.8	8.0
392.3	8.2
393.8	8.5
395.3	9.1
396.8	11.0
398.3	12.1
399.8	14.7
401.3	16.2
402.8	19.7
404.3	21.8
405.8	26.8
407.3	29.1
408.8	34.0
410.3	36.4
411.8	40.9
413.3	44.1
414.8	51.4
416.3	55.3
417.8	63.7
419.3	67.9
420.8	75.8
422.3	79.7
423.8	86.3
425.3	89.4
426.8	94.3
428.3	96.5
429.9	98.9
431.4	99.8
432.9	100.0
434.4	99.8
435.9	98.5
437.4	97.7
438.9	95.8
440.4	94.4
441.9	91.2
443.4	89.1
444.9	84.1
446.4	81.2
447.9	75.1
449.4	71.5
450.9	63.6
452.4	59.5
453.9	51.7
455.4	47.7
456.9	39.5
458.4	36.4
459.9	32.3
461.4	30.1
462.9	27.1
464.4	25.8
465.9	24.2
467.4	23.5
468.9	22.6
470.4	22.2
471.9	22.0
473.4	21.9
474.9	21.8
476.4	21.8
477.9	21.8
479.4	21.9
480.9	21.9
482.4	21.8
483.9	21.5
485.4	21.2
486.9	20.6
488.4	20.1
489.9	19.4
491.4	18.9
492.9	17.7
494.4	17.2
495.9	16.1
497.5	15.7
499.0	14.9
500.5	14.6
502.0	14.1
503.5	13.8
505.0	12.9
506.5	12.6
508.0	12.2
509.5	11.9
511.0	11.3
512.5	11.0
514.0	10.7
515.5	10.5
517.0	10.0
518.5	9.8
520.0	9.7
521.5	9.6
523.0	9.5
524.5	9.5
526.0	9.5
527.5	9.5
529.0	9.5
530.5	9.5
532.0	9.4
533.5	9.4
535.0	9.5
536.5	9.5
538.0	9.5
539.5	9.6
541.0	9.7
542.5	9.7
544.0	9.8
545.5	9.8
547.0	10.0
548.5	10.0
550.0	10.0
551.5	10.1
553.0	10.2
554.5	10.2
556.0	10.2
557.5	10.1
559.0	10.0
560.5	9.9
562.0	9.7
563.5	9.6
565.1	9.3
566.6	9.2
568.1	9.1
569.6	9.0
571.1	8.8
572.6	8.8
574.1	8.6
575.6	8.5
577.1	8.4
578.6	8.3
580.1	7.9
581.6	7.7
583.1	7.4
584.6	7.4
586.1	7.3
587.6	7.3
589.1	7.4
590.6	7.4
592.1	7.6
593.6	7.7
595.1	7.8
596.6	7.8
598.1	7.9
599.6	7.8
601.1	7.6
602.6	7.5
604.1	7.5
605.6	7.5
607.1	7.5
608.6	7.5
610.1	7.5
611.6	7.5
613.1	7.5
614.6	7.5
616.1	7.5
617.6	7.5
619.1	7.5
620.6	7.5
622.1	7.5
623.6	7.5
625.1	7.6
626.6	7.7
628.1	7.6
629.6	7.6
631.1	7.5
632.7	7.5
634.2	7.5
635.7	7.5
637.2	7.5
638.7	7.6
640.2	7.6
641.7	7.7
643.2	7.9
644.7	8.0
646.2	8.3
647.7	8.5
649.2	9.0
650.7	9.2
652.2	9.5
653.7	9.6
655.2	9.8
656.7	10.0
658.2	10.2
659.7	10.3
661.2	10.4
662.7	10.4
664.2	10.4
665.7	10.3
667.2	10.1
668.7	10.0
670.2	9.8
671.7	9.6
673.2	9.0
674.7	8.8
676.2	8.6
677.7	8.4
679.2	8.2
680.7	8.0
682.2	7.8
683.7	7.7
685.2	7.6
686.7	7.5
688.2	7.5
689.7	7.5
691.2	7.5
692.7	7.5
694.2	7.6
695.7	7.6
697.2	7.5
698.7	7.5
700.3	7.5
701.8	7.5
703.3	7.5
704.8	7.5
706.3	7.5
707.8	7.5
709.3	7.5
710.8	7.5
712.3	7.5
713.8	7.5
715.3	7.5
716.8	7.5
718.3	7.5
719.8	7.5
721.3	7.5
722.8	7.5
724.3	7.5
725.8	7.5
727.3	7.5
728.8	7.5
730.3	7.5
731.8	7.5
733.3	7.5
734.8	7.5
736.3	7.5
737.8	7.5
739.3	7.5
740.8	7.5
742.3	7.5
743.8	7.5
745.3	7.5
746.8	7.5
748.3	7.5
749.8	7.5
751.3	7.5
752.8	7.5
754.3	7.5
755.8	7.5
757.3	7.5
758.8	7.5
760.3	7.5
761.8	7.5
763.3	7.5
764.8	7.5
766.3	7.5
767.9	7.5
769.4	7.5
770.9	7.5
772.4	7.5
773.9	7.5
775.4	7.5
776.9	7.5
778.4	7.6
779.9	7.6
781.4	7.7
782.9	7.7
784.4	7.7
785.9	7.7
787.4	7.8
788.9	7.8
790.4	7.8
791.9	7.8
793.4	7.7
794.9	7.6
796.4	7.6
797.9	7.6
799.4	7.6
800.9	7.6
802.4	7.6
803.9	7.6
805.4	7.6
806.9	7.6
808.4	7.6
809.9	7.7
811.4	7.8
812.9	7.8
814.4	7.8
815.9	7.8
817.4	7.7
818.9	7.6
820.4	7.6
821.9	7.6
823.4	7.6
824.9	7.6
826.4	7.6
827.9	7.6
829.4	7.6
830.9	7.6
832.4	7.6
833.9	7.6
835.5	7.6
837.0	7.6
838.5	7.6
840.0	7.6
841.5	7.5
843.0	7.5
844.5	7.5
846.0	7.5
847.5	7.5
849.0	7.5
850.5	7.5
852.0	7.5
853.5	7.5
855.0	7.5
856.5	7.5
858.0	7.5
859.5	7.5
861.0	7.5
862.5	7.5
864.0	7.5
865.5	7.5
867.0	7.5
868.5	7.5
870.0	7.5
871.5	7.5
873.0	7.6
874.5	7.7
876.0	7.7
877.5	7.9
